%%%%%%%%%%%%%%%%%%%%%%
% This m-file is automatically generated by HIsimFastGC_MkCmpnstGain2mfile.
% Do not edit this.
% Date : 09-Dec-2019
%%%%%%%%%%%%%%%%%%%%%%
%
TableGain.Dir = '/Volumes/irino/m-file/Auditory/HIsimulator/HIsim_13Dec18/'; 
TableGain.Name = '/HIsimFastGC_CmpnstGain.mat'; 
TableGain.NoteSetup = 'IT, 12 Dec 18'; 
TableGain.CmprsList(:,:,1) = [100.000000000, 67.000000000, 50.000000000, 33.000000000,  0.000000000, ;];
 
TableGain.HLdBList(:,:,1) = [-5.000000000,  0.000000000,  5.000000000, 10.000000000, 15.000000000, 20.000000000, 25.000000000, 30.000000000, 35.000000000, 40.000000000, 45.000000000, 50.000000000, 55.000000000, 60.000000000, 65.000000000, 70.000000000, 75.000000000, 80.000000000, ;];
 
TableGain.FaudgramList(:,:,1) = [125.000000000, 250.000000000, 500.000000000, 1000.000000000, 2000.000000000, 4000.000000000, 8000.000000000, ;];
 

TableGain.CmprsMeshgrid(:,:,1) = [100.000000000, 100.000000000, 100.000000000, 100.000000000, 100.000000000, 100.000000000, 100.000000000, 100.000000000, 100.000000000, 100.000000000, 100.000000000, 100.000000000, 100.000000000, 100.000000000, 100.000000000, 100.000000000, 100.000000000, 100.000000000, ;67.000000000, 67.000000000, 67.000000000, 67.000000000, 67.000000000, 67.000000000, 67.000000000, 67.000000000, 67.000000000, 67.000000000, 67.000000000, 67.000000000, 67.000000000, 67.000000000, 67.000000000, 67.000000000, 67.000000000, 67.000000000, ;50.000000000, 50.000000000, 50.000000000, 50.000000000, 50.000000000, 50.000000000, 50.000000000, 50.000000000, 50.000000000, 50.000000000, 50.000000000, 50.000000000, 50.000000000, 50.000000000, 50.000000000, 50.000000000, 50.000000000, 50.000000000, ;33.000000000, 33.000000000, 33.000000000, 33.000000000, 33.000000000, 33.000000000, 33.000000000, 33.000000000, 33.000000000, 33.000000000, 33.000000000, 33.000000000, 33.000000000, 33.000000000, 33.000000000, 33.000000000, 33.000000000, 33.000000000, ; 0.000000000,  0.000000000,  0.000000000,  0.000000000,  0.000000000,  0.000000000,  0.000000000,  0.000000000,  0.000000000,  0.000000000,  0.000000000,  0.000000000,  0.000000000,  0.000000000,  0.000000000,  0.000000000,  0.000000000,  0.000000000, ;];
 TableGain.CmprsMeshgrid(:,:,2) = [100.000000000, 100.000000000, 100.000000000, 100.000000000, 100.000000000, 100.000000000, 100.000000000, 100.000000000, 100.000000000, 100.000000000, 100.000000000, 100.000000000, 100.000000000, 100.000000000, 100.000000000, 100.000000000, 100.000000000, 100.000000000, ;67.000000000, 67.000000000, 67.000000000, 67.000000000, 67.000000000, 67.000000000, 67.000000000, 67.000000000, 67.000000000, 67.000000000, 67.000000000, 67.000000000, 67.000000000, 67.000000000, 67.000000000, 67.000000000, 67.000000000, 67.000000000, ;50.000000000, 50.000000000, 50.000000000, 50.000000000, 50.000000000, 50.000000000, 50.000000000, 50.000000000, 50.000000000, 50.000000000, 50.000000000, 50.000000000, 50.000000000, 50.000000000, 50.000000000, 50.000000000, 50.000000000, 50.000000000, ;33.000000000, 33.000000000, 33.000000000, 33.000000000, 33.000000000, 33.000000000, 33.000000000, 33.000000000, 33.000000000, 33.000000000, 33.000000000, 33.000000000, 33.000000000, 33.000000000, 33.000000000, 33.000000000, 33.000000000, 33.000000000, ; 0.000000000,  0.000000000,  0.000000000,  0.000000000,  0.000000000,  0.000000000,  0.000000000,  0.000000000,  0.000000000,  0.000000000,  0.000000000,  0.000000000,  0.000000000,  0.000000000,  0.000000000,  0.000000000,  0.000000000,  0.000000000, ;];
 TableGain.CmprsMeshgrid(:,:,3) = [100.000000000, 100.000000000, 100.000000000, 100.000000000, 100.000000000, 100.000000000, 100.000000000, 100.000000000, 100.000000000, 100.000000000, 100.000000000, 100.000000000, 100.000000000, 100.000000000, 100.000000000, 100.000000000, 100.000000000, 100.000000000, ;67.000000000, 67.000000000, 67.000000000, 67.000000000, 67.000000000, 67.000000000, 67.000000000, 67.000000000, 67.000000000, 67.000000000, 67.000000000, 67.000000000, 67.000000000, 67.000000000, 67.000000000, 67.000000000, 67.000000000, 67.000000000, ;50.000000000, 50.000000000, 50.000000000, 50.000000000, 50.000000000, 50.000000000, 50.000000000, 50.000000000, 50.000000000, 50.000000000, 50.000000000, 50.000000000, 50.000000000, 50.000000000, 50.000000000, 50.000000000, 50.000000000, 50.000000000, ;33.000000000, 33.000000000, 33.000000000, 33.000000000, 33.000000000, 33.000000000, 33.000000000, 33.000000000, 33.000000000, 33.000000000, 33.000000000, 33.000000000, 33.000000000, 33.000000000, 33.000000000, 33.000000000, 33.000000000, 33.000000000, ; 0.000000000,  0.000000000,  0.000000000,  0.000000000,  0.000000000,  0.000000000,  0.000000000,  0.000000000,  0.000000000,  0.000000000,  0.000000000,  0.000000000,  0.000000000,  0.000000000,  0.000000000,  0.000000000,  0.000000000,  0.000000000, ;];
 TableGain.CmprsMeshgrid(:,:,4) = [100.000000000, 100.000000000, 100.000000000, 100.000000000, 100.000000000, 100.000000000, 100.000000000, 100.000000000, 100.000000000, 100.000000000, 100.000000000, 100.000000000, 100.000000000, 100.000000000, 100.000000000, 100.000000000, 100.000000000, 100.000000000, ;67.000000000, 67.000000000, 67.000000000, 67.000000000, 67.000000000, 67.000000000, 67.000000000, 67.000000000, 67.000000000, 67.000000000, 67.000000000, 67.000000000, 67.000000000, 67.000000000, 67.000000000, 67.000000000, 67.000000000, 67.000000000, ;50.000000000, 50.000000000, 50.000000000, 50.000000000, 50.000000000, 50.000000000, 50.000000000, 50.000000000, 50.000000000, 50.000000000, 50.000000000, 50.000000000, 50.000000000, 50.000000000, 50.000000000, 50.000000000, 50.000000000, 50.000000000, ;33.000000000, 33.000000000, 33.000000000, 33.000000000, 33.000000000, 33.000000000, 33.000000000, 33.000000000, 33.000000000, 33.000000000, 33.000000000, 33.000000000, 33.000000000, 33.000000000, 33.000000000, 33.000000000, 33.000000000, 33.000000000, ; 0.000000000,  0.000000000,  0.000000000,  0.000000000,  0.000000000,  0.000000000,  0.000000000,  0.000000000,  0.000000000,  0.000000000,  0.000000000,  0.000000000,  0.000000000,  0.000000000,  0.000000000,  0.000000000,  0.000000000,  0.000000000, ;];
 TableGain.CmprsMeshgrid(:,:,5) = [100.000000000, 100.000000000, 100.000000000, 100.000000000, 100.000000000, 100.000000000, 100.000000000, 100.000000000, 100.000000000, 100.000000000, 100.000000000, 100.000000000, 100.000000000, 100.000000000, 100.000000000, 100.000000000, 100.000000000, 100.000000000, ;67.000000000, 67.000000000, 67.000000000, 67.000000000, 67.000000000, 67.000000000, 67.000000000, 67.000000000, 67.000000000, 67.000000000, 67.000000000, 67.000000000, 67.000000000, 67.000000000, 67.000000000, 67.000000000, 67.000000000, 67.000000000, ;50.000000000, 50.000000000, 50.000000000, 50.000000000, 50.000000000, 50.000000000, 50.000000000, 50.000000000, 50.000000000, 50.000000000, 50.000000000, 50.000000000, 50.000000000, 50.000000000, 50.000000000, 50.000000000, 50.000000000, 50.000000000, ;33.000000000, 33.000000000, 33.000000000, 33.000000000, 33.000000000, 33.000000000, 33.000000000, 33.000000000, 33.000000000, 33.000000000, 33.000000000, 33.000000000, 33.000000000, 33.000000000, 33.000000000, 33.000000000, 33.000000000, 33.000000000, ; 0.000000000,  0.000000000,  0.000000000,  0.000000000,  0.000000000,  0.000000000,  0.000000000,  0.000000000,  0.000000000,  0.000000000,  0.000000000,  0.000000000,  0.000000000,  0.000000000,  0.000000000,  0.000000000,  0.000000000,  0.000000000, ;];
